0 0.25721153846153844 0.3581730769230769 0.0625 0.0673076923076923
0 0.9423076923076923 0.4735576923076923 0.055288461538461536 0.055288461538461536
0 0.9206730769230769 0.4014423076923077 0.040865384615384616 0.05048076923076923
0 0.7572115384615384 0.4495192307692308 0.04567307692307692 0.04807692307692308
0 0.9038461538461539 0.4519230769230769 0.055288461538461536 0.0673076923076923
0 0.7019230769230769 0.44711538461538464 0.055288461538461536 0.07692307692307693
0 0.8293269230769231 0.37740384615384615 0.13221153846153846 0.14903846153846154
0 0.5 0.27403846153846156 0.11057692307692307 0.13221153846153846
0 0.25 0.4182692307692308 0.0673076923076923 0.07932692307692307
0 0.13701923076923078 0.3870192307692308 0.11538461538461539 0.1658653846153846
0 0.055288461538461536 0.46634615384615385 0.0889423076923077 0.08413461538461539
0 0.04326923076923077 0.3629807692307692 0.07451923076923077 0.09375