1 0.225341796875 0.6751302083333333 0.03271484375 0.07682291666666666
1 0.372314453125 0.6695963541666666 0.03173828125 0.076171875
1 0.51953125 0.6653645833333333 0.0302734375 0.078125
1 0.670166015625 0.6598307291666666 0.03271484375 0.07747395833333333
1 0.824951171875 0.6572265625 0.03564453125 0.080078125
0 0.194580078125 0.4055989583333333 0.09326171875 0.6184895833333333
0 0.35009765625 0.3984375 0.078125 0.625
0 0.50537109375 0.38932291666666663 0.060546875 0.62890625
0 0.673583984375 0.3841145833333333 0.05615234375 0.6510416666666666
0 0.837646484375 0.3779296875 0.06103515625 0.6438802083333333
