0 0.355712890625 0.4778645833333333 0.08154296875 0.48828125
0 0.475341796875 0.42643229166666663 0.05517578125 0.46484375
0 0.583251953125 0.3798828125 0.04052734375 0.4446614583333333
0 0.677490234375 0.3391927083333333 0.05029296875 0.4231770833333333
0 0.75732421875 0.3079427083333333 0.06640625 0.40494791666666663
1 0.38427734375 0.6920572916666666 0.02734375 0.05989583333333333
1 0.488525390625 0.6298828125 0.02490234375 0.05403645833333333
1 0.58056640625 0.576171875 0.0244140625 0.05208333333333333
1 0.662841796875 0.5270182291666666 0.02294921875 0.05013020833333333
1 0.737060546875 0.4866536458333333 0.02587890625 0.05013020833333333
