     0/299     1.17G    0.1013   0.02963   0.03589    0.1668         9       896       0.5   0.02273   0.07405   0.01496    0.0827   0.02923   0.02351
     1/299     1.17G   0.07527   0.03032   0.01776    0.1234         3       896    0.3187   0.04545    0.1527   0.04718   0.07132   0.02906   0.01378
     2/299     1.17G   0.07304   0.03088   0.01595    0.1199         7       896    0.3187   0.04545    0.1527   0.04718   0.07132   0.02906   0.01378
     3/299     1.17G   0.09614    0.0231   0.01281     0.132        18       896    0.1511    0.2045    0.1435   0.05728    0.1206   0.01181  0.006823
     4/299     1.17G    0.1074   0.01436   0.00766    0.1294         2       896     0.258    0.1591    0.1464   0.04281    0.1085   0.01137   0.00675
     5/299     1.17G   0.09313   0.01699   0.00781    0.1179         5       896    0.2187    0.4318    0.3354    0.1116   0.09371   0.01317  0.004961
     6/299     1.17G   0.08253    0.0181  0.006276    0.1069         5       896    0.2307    0.5455    0.3445    0.1209   0.07701   0.01641  0.003539
     7/299     1.17G   0.07035   0.01762  0.004261   0.09223        12       896    0.2503    0.8636    0.5818    0.2259   0.06986   0.01595  0.003244
     8/299     1.17G   0.06694   0.01859  0.003862   0.08939         6       896    0.2215    0.9091    0.5389    0.2224   0.06578   0.01514  0.003233
     9/299     1.17G   0.06566   0.01625  0.004145   0.08606        10       896    0.2082    0.8409    0.6518    0.2784   0.06095   0.01566  0.002732
    10/299     1.17G   0.06175   0.01612  0.003518   0.08139         8       896    0.2411    0.9545    0.6581    0.3033   0.05785   0.01368  0.002373
    11/299     1.17G   0.05943   0.01544  0.003218   0.07809         8       896    0.2876    0.9773    0.7482    0.3783   0.05217   0.01284  0.002795
    12/299     1.17G   0.05739   0.01528  0.003091   0.07576         6       896    0.3039    0.9545    0.8163    0.4718   0.05155   0.01236  0.002509
    13/299     1.17G    0.0554   0.01502  0.002883   0.07331         5       896    0.2707    0.9545    0.8274    0.4414   0.05161   0.01191   0.00281
    14/299     1.17G   0.05286   0.01401   0.00281   0.06968         4       896    0.2892    0.9773    0.8578    0.4115   0.04856   0.01143  0.002442
    15/299     1.17G   0.05356   0.01407  0.002404   0.07004         7       896    0.2782    0.9773    0.9083    0.5055   0.04494   0.01142  0.002573
    16/299     1.17G   0.04706   0.01414  0.002656   0.06385         4       896    0.3197         1    0.9271    0.5015   0.04363   0.01057  0.002287
    17/299     1.17G   0.05057   0.01429   0.00292   0.06778         2       896     0.374         1    0.9273    0.4977   0.04553   0.01023  0.002118
    18/299     1.17G    0.0465   0.01349  0.002746   0.06274         5       896    0.3485         1    0.9137    0.4859   0.04217   0.01063  0.001851
    19/299     1.17G   0.04679   0.01422  0.002731   0.06375         2       896    0.3732    0.9545    0.7776    0.4186   0.04072   0.01068  0.001934
    20/299     1.17G   0.04478   0.01335  0.002085   0.06022         5       896    0.3781    0.9773    0.9292    0.4813   0.04818  0.009917  0.001653
    21/299     1.17G   0.04495   0.01387  0.002615   0.06144         4       896    0.4201         1    0.9192    0.5574   0.03757  0.009975  0.001721
    22/299     1.17G   0.04395   0.01365  0.002595   0.06019        11       896    0.4503         1    0.9742    0.6403   0.03545  0.009591  0.001697
    23/299     1.17G   0.03998   0.01235   0.00231   0.05465         2       896    0.4162         1    0.9655    0.5879   0.03587  0.009583  0.001676
    24/299     1.17G   0.04082   0.01289  0.001982   0.05569         6       896    0.4206         1    0.9632     0.644   0.03645  0.009544   0.00181
    25/299     1.17G   0.04013   0.01308  0.002333   0.05554         4       896    0.4132         1    0.9703    0.5054   0.03821  0.009619  0.001622
    26/299     1.17G   0.03962   0.01273  0.001999   0.05435         3       896    0.4253         1    0.8694    0.5365   0.03757  0.009379  0.001665
    27/299     1.17G   0.03817   0.01189  0.002161   0.05222         1       896    0.4455         1    0.9498    0.5797   0.03594  0.009295  0.001786
    28/299     1.17G   0.03951   0.01285   0.00239   0.05474         7       896    0.4317         1    0.9498    0.5891   0.03542  0.009357  0.001631
    29/299     1.17G   0.03848   0.01203  0.002104   0.05261         2       896    0.4431         1    0.9806    0.6224   0.03773  0.009114  0.001674
    30/299     1.17G    0.0387   0.01184  0.002241   0.05278        10       896    0.4485         1    0.9858    0.6335   0.03518  0.009348  0.001878
    31/299     1.17G   0.03963   0.01272  0.001975   0.05433         4       896     0.461         1    0.9627     0.546   0.03783  0.009207  0.001554
    32/299     1.17G   0.03665   0.01187  0.002101   0.05062         2       896    0.4941         1    0.9754    0.6632    0.0297  0.008897  0.002013
    33/299     1.17G   0.03479   0.01327  0.002069   0.05013        10       896    0.5281         1    0.9404    0.6115   0.02796  0.009646  0.001983
    34/299     1.17G   0.03352   0.01281  0.002259    0.0486         5       896     0.535         1    0.9535    0.6268   0.02825  0.009209  0.001639
    35/299     1.17G   0.03304   0.01286  0.001885   0.04778         5       896    0.6222         1    0.9587    0.6268   0.02509  0.008821  0.001701
    36/299     1.17G   0.03223   0.01199  0.002079    0.0463         5       896    0.5422         1    0.9646    0.6058   0.02858   0.00877   0.00145
    37/299     1.17G   0.03085   0.01162  0.002562   0.04504         6       896    0.6317         1    0.9857    0.6883   0.02058  0.008356  0.001722
    38/299     1.17G   0.02881   0.01131  0.002047   0.04217         5       896    0.6503         1    0.9889    0.6425   0.02676   0.00824  0.001475
    39/299     1.17G   0.03121    0.0123  0.001818   0.04533         7       896    0.6232         1    0.9875    0.6998   0.02437   0.00813  0.001314
    40/299     1.17G   0.02973   0.01248  0.001814   0.04402         7       896    0.4895         1    0.9736    0.6455    0.0252  0.008851  0.001266
    41/299     1.17G   0.02935   0.01239  0.001684   0.04342         5       896     0.657         1    0.9893      0.65   0.02175  0.008476   0.00127
    42/299     1.17G   0.02834   0.01176   0.00209   0.04219         2       896    0.6759         1     0.991    0.7028   0.02181   0.00804  0.001403
    43/299     1.17G   0.02833   0.01205  0.001794   0.04217         3       896    0.6492         1    0.9929    0.6919   0.02227  0.008049  0.001513
    44/299     1.17G   0.02755   0.01182  0.002197   0.04157        11       896    0.7102         1    0.9936     0.719   0.02135  0.007656  0.001534
    45/299     1.17G   0.02818   0.01183  0.001678   0.04169         4       896    0.7397         1    0.9944    0.6284   0.02633  0.008009  0.001312
    46/299     1.17G   0.03071   0.01198  0.001716    0.0444        14       896      0.64    0.9773    0.9724    0.6036   0.02502  0.008181  0.001188
    47/299     1.17G     0.028   0.01199  0.001365   0.04136        11       896    0.6643         1      0.99    0.6254   0.02346  0.008016  0.001228
    48/299     1.17G   0.02723   0.01149  0.001755   0.04047         1       896    0.6655         1    0.9933    0.6935   0.02295  0.008077  0.001351
    49/299     1.17G   0.02679   0.01105   0.00161   0.03945         5       896    0.6801         1    0.9953    0.7569     0.019  0.007938  0.001364
    50/299     1.17G   0.02498   0.01177  0.001494   0.03825         8       896    0.6759         1    0.9936    0.6689   0.02564  0.008078  0.001024
    51/299     1.17G   0.02694   0.01143  0.001402   0.03978         4       896    0.6758         1     0.991    0.6384   0.02397  0.008186  0.001052
    52/299     1.17G   0.02828   0.01151  0.001369   0.04116         2       896    0.5424         1    0.9726    0.6172   0.02252  0.007947  0.001131
    53/299     1.17G   0.02586   0.01158  0.001921   0.03937         2       896    0.6726         1    0.9944    0.7067   0.02093  0.007964  0.001286
    54/299     1.17G   0.02486   0.01111  0.002161   0.03814         6       896    0.6611         1    0.9906    0.7229   0.02301  0.007674   0.00126
    55/299     1.17G   0.02581    0.0114  0.001371   0.03858         4       896    0.6668         1    0.9944    0.7509   0.01979  0.007786  0.001169
    56/299     1.17G   0.02502   0.01089  0.001645   0.03756         2       896    0.6782         1     0.992    0.7252   0.02155  0.007976  0.001138
    57/299     1.17G   0.02429   0.01111  0.001412   0.03681         7       896    0.7506         1    0.9937    0.7096   0.02061  0.007442 0.0009981
    58/299     1.17G   0.02488   0.01034  0.001251   0.03646         2       896    0.7549         1    0.9934    0.6879   0.01996  0.007578  0.001034
    59/299     1.17G    0.0257   0.01117  0.001277   0.03814         4       896    0.7435         1    0.9945    0.6941    0.0201  0.007379  0.001182
    60/299     1.17G   0.02379   0.01084   0.00141   0.03604         5       896    0.7548         1    0.9945    0.6532   0.02347  0.007423  0.001124
    61/299     1.17G   0.02602  0.009885  0.001558   0.03746        15       896    0.7195         1    0.9934    0.7212   0.02007  0.007489    0.0011
    62/299     1.17G   0.02498   0.01109  0.001295   0.03737         2       896    0.7222         1    0.9953    0.6939   0.02165  0.007514     0.001
    63/299     1.17G   0.02303   0.01046  0.001379   0.03487         6       896    0.7876         1    0.9945    0.7548   0.01818  0.007222  0.000902
    64/299     1.17G   0.02565   0.01037  0.001477    0.0375        10       896    0.7121         1    0.9875    0.6528   0.02394  0.008011  0.001038
    65/299     1.17G    0.0262   0.01134   0.00162   0.03916         5       896    0.7535         1     0.991    0.7143   0.02143  0.007712  0.001108
    66/299     1.17G   0.02216   0.01022  0.001322    0.0337         2       896    0.6919         1    0.9898    0.7326    0.0189  0.007241  0.001146
    67/299     1.17G   0.02479     0.011  0.001288   0.03708         4       896    0.8116         1    0.9891    0.7072   0.01981  0.007013  0.001065
    68/299     1.17G   0.02518   0.01174  0.001233   0.03815        12       896    0.7639         1    0.9945    0.6735   0.02155  0.007058  0.001019
    69/299     1.17G   0.02369   0.01023  0.001478    0.0354         4       896     0.738         1    0.9954    0.6919   0.02277  0.006913  0.001016
    70/299     1.17G   0.02364  0.009656  0.001152   0.03445         6       896     0.823         1    0.9946    0.7511   0.01931  0.006987  0.001015
    71/299     1.17G   0.02373   0.01024  0.001368   0.03533        10       896    0.7091         1    0.9895    0.6894   0.02169  0.007058 0.0009556
    72/299     1.17G   0.02491   0.01099  0.001164   0.03706         3       896    0.7013         1    0.9883    0.7354   0.01956  0.006995  0.001023
    73/299     1.17G   0.02278   0.01013   0.00136   0.03427         2       896    0.6666         1    0.9917    0.7439   0.01947  0.007082  0.001001
    74/299     1.17G   0.02216    0.0101  0.001546    0.0338         4       896    0.6811         1    0.9907    0.7528   0.01761   0.00695 0.0009711
    75/299     1.17G   0.02217   0.01091  0.001243   0.03432        14       896    0.6454         1     0.985    0.7122   0.01898  0.007344 0.0007928
    76/299     1.17G   0.02295   0.01095  0.001345   0.03524         7       896    0.7181         1    0.9885    0.7765   0.01806  0.007247 0.0009253
    77/299     1.17G   0.02314   0.01026  0.001147   0.03455         4       896    0.6401         1    0.9925    0.7244   0.01925  0.007537 0.0008517
    78/299     1.17G   0.02217  0.009606  0.001123    0.0329        14       896    0.7275         1    0.9915    0.7554   0.01809  0.007163 0.0009243
    79/299     1.17G   0.02259   0.01055  0.001197   0.03434         8       896    0.7295         1    0.9934    0.7489   0.01895  0.006928 0.0009636
    80/299     1.17G    0.0225   0.01015  0.001309   0.03396         9       896     0.707         1    0.9907    0.7768   0.01755  0.006784  0.001027
    81/299     1.17G   0.02034   0.01002  0.001245   0.03161        10       896     0.756         1    0.9934    0.7624   0.01756  0.006802 0.0008518
    82/299     1.17G   0.02326  0.009554 0.0009033   0.03372        12       896    0.8045         1    0.9938    0.7675   0.01681  0.006548  0.000862
    83/299     1.17G    0.0225  0.009985  0.001105   0.03359         5       896    0.7574         1    0.9935    0.7448   0.01883  0.006693 0.0008837
    84/299     1.17G   0.02248   0.01045  0.001087   0.03401         4       896    0.7587         1    0.9917    0.7328   0.01695  0.006719 0.0007353
    85/299     1.17G   0.02305   0.01007   0.00111   0.03423         5       896    0.7126         1    0.9871    0.7297   0.01853  0.007555 0.0007336
    86/299     1.17G   0.02294   0.01063  0.001364   0.03493         2       896    0.6965         1    0.9886    0.7419   0.01726  0.007342 0.0008105
    87/299     1.17G   0.02179   0.01035  0.001118   0.03326         4       896    0.6969         1    0.9899    0.7668   0.01734  0.007079 0.0007804
    88/299     1.17G   0.02214    0.0106   0.00121   0.03395        14       896    0.6865         1    0.9937    0.8049   0.01612  0.006746 0.0008035
    89/299     1.17G   0.02208   0.01073  0.001387    0.0342         3       896    0.6773         1    0.9926    0.7928   0.01625  0.006615 0.0007727
    90/299     1.17G    0.0215   0.01058  0.001176   0.03325         4       896    0.7566         1    0.9918    0.7659   0.01709  0.006637   0.00078
    91/299     1.17G   0.02195   0.01044   0.00128   0.03367         4       896    0.7861         1    0.9917    0.7799   0.01745  0.006712 0.0008484
    92/299     1.17G   0.02286   0.01079  0.001631   0.03528         9       896    0.7176         1    0.9916    0.7769   0.01706  0.006997 0.0008943
    93/299     1.17G   0.02207   0.01033  0.001494   0.03389         2       896    0.7499         1    0.9922    0.7899   0.01705  0.006789 0.0007411
    94/299     1.17G   0.02156   0.01037  0.001203   0.03313         6       896    0.7538         1    0.9926     0.771   0.01735  0.006716 0.0007472
    95/299     1.17G   0.02135   0.01008  0.000968   0.03241         3       896    0.7126         1    0.9934    0.7908   0.01645  0.006995 0.0007012
    96/299     1.17G   0.02077   0.01002  0.001197   0.03199         1       896    0.7394         1    0.9937    0.7854   0.01786  0.006983 0.0006604
    97/299     1.17G    0.0222  0.009817  0.001039   0.03306         8       896    0.7979         1    0.9917    0.7774   0.01754  0.006766 0.0006956
    98/299     1.17G   0.02269   0.00993  0.001042   0.03366         2       896    0.7799         1    0.9945    0.7785   0.01684  0.006487 0.0007336
    99/299     1.17G   0.02106  0.009761  0.001053   0.03187         2       896    0.7135         1    0.9934     0.789    0.0158  0.006721  0.000643
   100/299     1.17G   0.01969   0.01046  0.001067   0.03122         5       896    0.7015         1    0.9925    0.7983   0.01502   0.00708 0.0007278
   101/299     1.17G   0.02109  0.009937  0.001451   0.03248         4       896    0.7382         1    0.9945      0.77   0.01565  0.006854 0.0008834
   102/299     1.17G   0.02046   0.01041  0.001369   0.03224         1       896    0.7126         1    0.9953    0.7854   0.01561  0.006519 0.0007769
   103/299     1.17G    0.0196  0.009948  0.001048    0.0306         4       896    0.7264         1    0.9954    0.7858   0.01606  0.006629 0.0007376
   104/299     1.17G   0.02192   0.01046 0.0009459   0.03333        12       896    0.7698         1    0.9954    0.7956   0.01537  0.006549 0.0007065
   105/299     1.17G   0.02178   0.01015  0.001164   0.03309         4       896    0.7456         1    0.9954    0.7808   0.01722  0.006694 0.0006503
   106/299     1.17G   0.02111    0.0102 0.0009988   0.03232         5       896    0.6942         1    0.9954    0.7402     0.019  0.007065 0.0006698
   107/299     1.17G   0.02163   0.01009 0.0008506   0.03257         3       896    0.7528         1    0.9935    0.7906   0.01618  0.006596 0.0006905
   108/299     1.17G   0.02131  0.009958  0.001217   0.03248         8       896    0.7402         1    0.9946    0.8022   0.01582  0.006211 0.0006962
   109/299     1.17G   0.01935  0.009541  0.001265   0.03015         3       896    0.7462         1    0.9955    0.8091   0.01541  0.006233 0.0007733
   110/299     1.17G   0.02017  0.009309 0.0009196    0.0304         2       896    0.7233         1    0.9954    0.7995   0.01634  0.006326 0.0007231
   111/299     1.17G   0.01816  0.009238  0.001009   0.02841         2       896    0.7531         1    0.9954    0.8263   0.01534  0.006136  0.000618
   112/299     1.17G   0.02022  0.009337   0.00106   0.03062         2       896    0.7385         1    0.9954    0.8016   0.01573  0.006074  0.000561
   113/299     1.17G   0.02156  0.009123   0.00101   0.03169         3       896    0.7894         1    0.9935    0.8138   0.01525  0.006094 0.0005837
   114/299     1.17G   0.01909   0.00933 0.0008549   0.02928         7       896    0.7973         1    0.9935    0.7789    0.0172  0.006257 0.0005822
   115/299     1.17G   0.02051  0.009827  0.001137   0.03148         2       896    0.7981         1    0.9946    0.8191   0.01515  0.006069 0.0006762
   116/299     1.17G   0.02062  0.009392  0.001197   0.03121         3       896     0.775         1    0.9955    0.7857   0.01519  0.006125  0.000792
   117/299     1.17G    0.0193  0.009138  0.001091   0.02952         5       896    0.7626         1    0.9954    0.8088   0.01462  0.006057 0.0005982
   118/299     1.17G    0.0181  0.008929 0.0008054   0.02784         2       896    0.7872         1    0.9955     0.823   0.01354  0.006021 0.0005357
   119/299     1.17G   0.02037  0.009304 0.0007867   0.03046         6       896    0.7979         1    0.9955    0.8157   0.01446  0.005804 0.0006212
   120/299     1.17G   0.01986  0.009275  0.001144   0.03028         5       896    0.8058         1    0.9935    0.8173   0.01365   0.00579  0.000784
   121/299     1.17G   0.01747  0.008986  0.001113   0.02757         2       896    0.8278         1    0.9946    0.8344   0.01377  0.006041  0.000753
   122/299     1.17G   0.01954  0.009307  0.001023   0.02987         5       896     0.805         1    0.9935    0.8308   0.01395  0.006075 0.0006206
   123/299     1.17G   0.01813  0.009693 0.0009019   0.02873        15       896    0.8211         1    0.9935    0.8391   0.01399  0.005931 0.0005589
   124/299     1.17G   0.01852  0.008705 0.0008779    0.0281         7       896    0.8383         1    0.9955    0.8129    0.0149  0.006096 0.0005041
   125/299     1.17G   0.01961  0.009526 0.0008227   0.02996         2       896    0.8588         1    0.9955    0.7923   0.01471  0.005975 0.0005239
   126/299     1.17G   0.01882  0.008605  0.001078    0.0285         2       896    0.8292         1    0.9956    0.8405   0.01342  0.005532 0.0005504
   127/299     1.17G   0.01782  0.008979 0.0007928   0.02759         4       896    0.8458         1    0.9956    0.8048   0.01465    0.0056  0.000559
   128/299     1.17G   0.02116  0.009594  0.001071   0.03183         5       896     0.844         1    0.9956    0.7896   0.01464    0.0056 0.0006062
   129/299     1.17G    0.0202  0.009448 0.0009108   0.03056         8       896    0.7854         1    0.9918    0.8028   0.01534  0.005809 0.0005716
   130/299     1.17G   0.01783  0.008938 0.0007683   0.02754         6       896    0.7226         1    0.9917    0.8077   0.01522  0.005829    0.0005
   131/299     1.17G   0.01806  0.009118 0.0007807   0.02796         1       896    0.8431         1    0.9927    0.8213   0.01402  0.005809 0.0005643
   132/299     1.17G   0.01808   0.00929 0.0009673   0.02833        12       896    0.8535         1    0.9956    0.8092   0.01378  0.005631  0.000606
   133/299     1.17G   0.01672  0.008075 0.0008402   0.02564         4       896    0.8834         1    0.9956     0.842   0.01285  0.005465 0.0005368
   134/299     1.17G    0.0184  0.008235 0.0009655    0.0276         6       896    0.8531         1    0.9956    0.8414   0.01331  0.005562 0.0005396
   135/299     1.17G   0.01779  0.008117 0.0009738   0.02688         6       896    0.7959         1    0.9956    0.8155   0.01388  0.005634 0.0005438
   136/299     1.17G   0.01688  0.008542   0.00102   0.02645         5       896    0.8593         1    0.9956    0.8257   0.01279  0.005477  0.000512
   137/299     1.17G   0.01785   0.00858 0.0008935   0.02733         5       896    0.8677         1    0.9956    0.8409   0.01283  0.005526 0.0005283
   138/299     1.17G   0.01722   0.00845 0.0008902   0.02656         1       896    0.8404         1    0.9956    0.8129   0.01406  0.005682 0.0005665
   139/299     1.17G   0.01653  0.008809  0.001083   0.02643        11       896    0.8342         1    0.9955    0.8316   0.01335  0.005896 0.0005708
   140/299     1.17G   0.01867  0.008963 0.0008886   0.02852         4       896    0.8109         1    0.9955    0.8173   0.01351  0.006091 0.0005234
   141/299     1.17G   0.01807  0.008711 0.0007373   0.02751         3       896    0.8312         1    0.9955    0.8385   0.01334  0.006061 0.0005079
   142/299     1.17G   0.01688  0.008069 0.0007504    0.0257         2       896    0.8026         1    0.9955    0.8558   0.01304  0.005578 0.0004823
   143/299     1.17G   0.01638  0.008279 0.0007028   0.02536         2       896    0.8222         1    0.9955    0.8317   0.01303  0.005476 0.0004788
   144/299     1.17G   0.01745  0.008648 0.0007581   0.02685         4       896    0.8208         1    0.9955    0.8332   0.01218  0.005728 0.0005199
   145/299     1.17G   0.01638  0.008122 0.0008434   0.02535        12       896    0.8412         1    0.9955    0.8231   0.01311   0.00584 0.0005244
   146/299     1.17G   0.01672  0.008103 0.0009474   0.02577         7       896      0.82         1    0.9955    0.8396    0.0137  0.005868 0.0005183
   147/299     1.17G   0.01812  0.008752  0.000948   0.02782        10       896    0.8622         1    0.9955    0.8518   0.01237  0.005665 0.0005435
   148/299     1.17G   0.01702   0.00897 0.0009268   0.02692         5       896    0.9013         1    0.9955    0.8212   0.01367  0.005618   0.00048
   149/299     1.17G    0.0175  0.008353  0.000923   0.02678         3       896    0.9049         1    0.9955    0.8207   0.01334  0.005758  0.000478
   150/299     1.17G    0.0171  0.008618 0.0007159   0.02643        13       896    0.8853         1    0.9956    0.8376   0.01189  0.005668 0.0004683
   151/299     1.17G   0.01604  0.008177 0.0009391   0.02515         2       896    0.8724         1    0.9955    0.8297   0.01315  0.005718 0.0004957
   152/299     1.17G   0.01742  0.009067  0.000912    0.0274         3       896    0.8528         1    0.9956    0.8246   0.01257  0.005591 0.0005259
   153/299     1.17G   0.01829  0.008842 0.0008787   0.02801        11       896    0.8344         1    0.9955    0.8199   0.01289  0.005881 0.0005455
   154/299     1.17G    0.0156  0.008024 0.0007206   0.02434        11       896    0.8539         1    0.9955    0.8483   0.01225  0.005711 0.0004691
   155/299     1.17G   0.01716  0.008147 0.0009978   0.02631         6       896    0.8146         1    0.9955    0.8344   0.01315  0.005728 0.0005166
   156/299     1.17G   0.01758  0.008466 0.0008463   0.02689         4       896    0.8794         1    0.9947    0.8458   0.01255  0.005865 0.0005871
   157/299     1.17G   0.01565  0.008262 0.0008123   0.02473        14       896     0.868         1    0.9956     0.853   0.01247  0.005623 0.0005124
   158/299     1.17G   0.01614  0.008749 0.0008659   0.02575         2       896     0.869         1    0.9957     0.854   0.01221  0.005511 0.0004741
   159/299     1.17G   0.01631  0.007973 0.0006784   0.02496         2       896    0.9192         1    0.9956    0.8466   0.01259  0.005261 0.0004356
   160/299     1.17G   0.01533  0.007952 0.0007228     0.024         5       896    0.8741         1    0.9956    0.8487   0.01201  0.005516 0.0004293
   161/299     1.17G   0.01586  0.008461  0.000857   0.02518         9       896    0.8865         1    0.9956    0.8634   0.01191  0.005483 0.0004768
   162/299     1.17G   0.01703  0.008897 0.0008532   0.02678         5       896    0.8755         1    0.9955    0.8511   0.01196  0.005582 0.0005434
   163/299     1.17G   0.01617  0.007941 0.0006924    0.0248         2       896    0.8299         1    0.9955    0.8407   0.01244  0.005731  0.000514
   164/299     1.17G   0.01552   0.00849 0.0006329   0.02464        10       896    0.8492         1    0.9955    0.8609   0.01056  0.005342 0.0004878
   165/299     1.17G   0.01536  0.008063 0.0007738    0.0242        10       896    0.8555         1    0.9955     0.875   0.01078  0.005503  0.000462
   166/299     1.17G   0.01651  0.008465 0.0007028   0.02568         8       896    0.8184         1    0.9955    0.8398   0.01269  0.005737  0.000449
   167/299     1.17G   0.01628  0.008171 0.0007633   0.02522         1       896    0.8849         1    0.9956    0.8587   0.01186  0.005388 0.0004618
   168/299     1.17G   0.01516  0.007894 0.0005974   0.02365        11       896    0.8692         1    0.9955    0.8663   0.01146  0.005284 0.0004382
   169/299     1.17G    0.0154  0.007938 0.0007857   0.02412         7       896    0.8746         1    0.9955    0.8567   0.01208  0.005391 0.0004151
   170/299     1.17G   0.01513  0.008447 0.0006169   0.02419         8       896    0.8689         1    0.9956    0.8549   0.01273  0.005518 0.0003908
   171/299     1.17G   0.01659  0.008015 0.0006165   0.02522         5       896    0.8921         1    0.9956    0.8554   0.01235  0.005497 0.0004102
   172/299     1.17G   0.01423   0.00724  0.001135    0.0226         2       896    0.8743         1    0.9955    0.8732   0.01156  0.005187 0.0004024
   173/299     1.17G   0.01429   0.00766  0.000746   0.02269         3       896    0.8407         1    0.9956    0.8699   0.01164  0.005164 0.0003949
   174/299     1.17G   0.01507  0.007697 0.0008093   0.02358         3       896      0.86         1    0.9956    0.8738   0.01163  0.005448 0.0004419
   175/299     1.17G   0.01569  0.007766  0.000989   0.02445         4       896    0.8851         1    0.9956    0.8462   0.01172  0.005595  0.000449
   176/299     1.17G    0.0144  0.007894 0.0007714   0.02306        14       896    0.8861         1    0.9956    0.8694   0.01073  0.005358   0.00044
   177/299     1.17G    0.0146   0.00775 0.0009101   0.02326        12       896    0.8993         1    0.9956    0.8696   0.01124  0.005171 0.0004047
   178/299     1.17G   0.01511   0.00788 0.0005286   0.02352         2       896    0.8825         1    0.9956    0.8691   0.01114  0.005216 0.0003763
   179/299     1.17G   0.01527  0.007819 0.0008875   0.02398         5       896    0.8794         1    0.9956    0.8772   0.01121  0.004889 0.0003984
   180/299     1.17G    0.0151  0.008169  0.000698   0.02397         6       896    0.8789         1    0.9956     0.866   0.01078  0.004794  0.000425
   181/299     1.17G   0.01456  0.007895 0.0006338   0.02308         4       896    0.8975         1    0.9956    0.8614    0.0116  0.004795 0.0003853
   182/299     1.17G   0.01432  0.007728 0.0007887   0.02283        12       896    0.8816         1    0.9956    0.8608   0.01144  0.004871 0.0003593
   183/299     1.17G   0.01539  0.008112 0.0007318   0.02423         7       896    0.8885         1    0.9956    0.8628   0.01098  0.004987 0.0003865
   184/299     1.17G   0.01479  0.007923 0.0006509   0.02336        12       896    0.9028         1    0.9956    0.8554   0.01149  0.004971 0.0003794
   185/299     1.17G   0.01423   0.00788 0.0007153   0.02283        10       896    0.8927         1    0.9956    0.8634   0.01058  0.004915 0.0003822
   186/299     1.17G   0.01438  0.007186 0.0007167   0.02229         8       896    0.8886         1    0.9956    0.8679   0.01095   0.00489 0.0004019
   187/299     1.17G   0.01406  0.007248 0.0006725   0.02198         2       896    0.8748         1    0.9956    0.8704    0.0106   0.00508 0.0004045
   188/299     1.17G    0.0141  0.008116 0.0005572   0.02277         2       896    0.8781         1    0.9955    0.8704    0.0107  0.005071 0.0003744
   189/299     1.17G   0.01443  0.008031 0.0006136   0.02308         6       896    0.8555         1    0.9955    0.8609   0.01123  0.005217 0.0003482
   190/299     1.17G   0.01392  0.007458 0.0006792   0.02206        12       896     0.875         1    0.9955    0.8666   0.01107  0.005149 0.0003455
   191/299     1.17G   0.01377  0.007879 0.0005585   0.02221         6       896    0.8669         1    0.9956    0.8724   0.01035  0.005053 0.0003538
   192/299     1.17G   0.01392  0.006966 0.0005745   0.02147         5       896    0.8501         1    0.9956    0.8637   0.01042  0.005049 0.0003664
   193/299     1.17G   0.01384  0.007636 0.0005294   0.02201         9       896    0.8461         1    0.9957    0.8682   0.01043  0.004767 0.0003742
   194/299     1.17G   0.01408  0.007554 0.0006886   0.02233         3       896    0.8477         1    0.9957    0.8756   0.01051  0.004852 0.0003516
   195/299     1.17G   0.01459  0.007894 0.0007208    0.0232         2       896     0.876         1    0.9956    0.8648   0.01189  0.005035 0.0003725
   196/299     1.17G   0.01503  0.007504 0.0006088   0.02314         7       896     0.886         1    0.9956    0.8734    0.0114  0.004877 0.0003722
   197/299     1.17G   0.01453  0.007331  0.000598   0.02246        14       896    0.8823         1    0.9955    0.8709   0.01065  0.004696 0.0003468
   198/299     1.17G   0.01415  0.007928 0.0007067   0.02278         6       896     0.902         1    0.9955    0.8658   0.01073   0.00487 0.0003257
   199/299     1.17G   0.01462  0.007243 0.0006881   0.02256         6       896    0.9059         1    0.9955    0.8987   0.01039  0.004654  0.000328
   200/299     1.17G   0.01338  0.007101 0.0006842   0.02117        18       896    0.8932         1    0.9956      0.88    0.0101  0.004687 0.0003335
   201/299     1.17G   0.01427  0.007695  0.000664   0.02263         3       896    0.8846         1    0.9956    0.8965  0.009865  0.004754  0.000322
   202/299     1.17G    0.0138  0.008185 0.0005063   0.02249        13       896    0.8472         1    0.9956    0.8865   0.01019  0.004826 0.0003054
   203/299     1.17G   0.01426  0.007322 0.0007066   0.02229         1       896     0.861         1    0.9956    0.8961  0.009647   0.00463 0.0003214
   204/299     1.17G   0.01302  0.007452 0.0007578   0.02123         2       896    0.8667         1    0.9956     0.896    0.0095  0.004577  0.000348
   205/299     1.17G   0.01371  0.007405 0.0008564   0.02197         7       896    0.8698         1    0.9955    0.8891   0.01014  0.004587 0.0003793
   206/299     1.17G   0.01341  0.007549 0.0006146   0.02158         5       896    0.8607         1    0.9956    0.8917  0.009549  0.004534 0.0003716
   207/299     1.17G   0.01359  0.007158 0.0005612    0.0213         4       896    0.8695         1    0.9955    0.8865  0.009552  0.004747 0.0003574
   208/299     1.17G   0.01424  0.007767 0.0007623   0.02277         3       896    0.8664         1    0.9955    0.8912  0.009479  0.004805 0.0003619
   209/299     1.17G   0.01314  0.007272 0.0006188   0.02103         3       896    0.8964         1    0.9956    0.9104  0.009635  0.004698  0.000345
   210/299     1.17G   0.01338  0.007757 0.0005699   0.02171         5       896    0.9102         1    0.9956    0.9133  0.009119  0.004701 0.0003257
   211/299     1.17G   0.01351  0.007003 0.0007223   0.02123         4       896    0.8997         1    0.9956    0.9017   0.00934  0.004702 0.0003036
   212/299     1.17G   0.01312  0.007231 0.0006114   0.02097         7       896    0.8889         1    0.9955     0.894  0.009683  0.004861 0.0002846
   213/299     1.17G   0.01285  0.007356 0.0005555   0.02077         1       896     0.886         1    0.9956    0.8903  0.009361  0.004713 0.0002757
   214/299     1.17G     0.013  0.007246 0.0005374   0.02079         6       896    0.8857         1    0.9956     0.909  0.009336  0.004502 0.0002778
   215/299     1.17G   0.01273   0.00709 0.0005621   0.02038         6       896    0.9104         1    0.9956       0.9  0.009424  0.004467  0.000276
   216/299     1.17G   0.01293  0.007286 0.0006062   0.02082        12       896    0.8999         1    0.9957    0.8945  0.009372  0.004485 0.0002712
   217/299     1.17G   0.01307  0.007011  0.000733   0.02081         7       896    0.8652         1    0.9956    0.8981  0.009654  0.004487 0.0002695
   218/299     1.17G   0.01262  0.007061 0.0005407   0.02022         2       896    0.8707         1    0.9956    0.8975  0.009257  0.004443 0.0002775
   219/299     1.17G   0.01205  0.006773 0.0005375   0.01936         2       896    0.8556         1    0.9956    0.9029  0.009286  0.004502  0.000284
   220/299     1.17G   0.01255  0.007188 0.0005674   0.02031         1       896    0.8616         1    0.9957    0.8948  0.009291  0.004566 0.0002783
   221/299     1.17G    0.0127  0.007102 0.0004451   0.02024         4       896    0.8648         1    0.9956    0.9015  0.009011   0.00449 0.0002637
   222/299     1.17G   0.01298  0.007104 0.0005198    0.0206         2       896    0.8509         1    0.9956    0.9192  0.008551  0.004556 0.0002515
   223/299     1.17G   0.01396  0.007148 0.0006165   0.02172         4       896    0.9009         1    0.9957    0.9009  0.008914  0.004662  0.000254
   224/299     1.17G    0.0129  0.006933 0.0006452   0.02048        10       896    0.9011         1    0.9957     0.898   0.00888  0.004576 0.0002723
   225/299     1.17G   0.01259  0.007509 0.0006024    0.0207         3       896    0.8945         1    0.9956    0.9105  0.008213  0.004416 0.0002702
   226/299     1.17G   0.01249  0.006965 0.0006181   0.02007         3       896    0.8966         1    0.9956    0.9093   0.00848  0.004364 0.0002627
   227/299     1.17G   0.01261  0.006897 0.0004628   0.01997         3       896    0.8984         1    0.9956    0.8909  0.008594   0.00442 0.0002513
   228/299     1.17G   0.01195  0.006632  0.000468   0.01905         3       896     0.901         1    0.9957    0.8873  0.009336  0.004399 0.0002453
   229/299     1.17G   0.01235  0.007506 0.0006027   0.02046         4       896    0.9189         1    0.9957    0.8981  0.008879  0.004279  0.000249
   230/299     1.17G   0.01245  0.007126 0.0006236    0.0202         5       896    0.8782         1    0.9956    0.8902  0.008923  0.004179 0.0002422
   231/299     1.17G   0.01214   0.00705 0.0006508   0.01984        13       896    0.8822         1    0.9956    0.9042  0.008929  0.004164  0.000239
   232/299     1.17G   0.01326   0.00759  0.000605   0.02145         3       896    0.8846         1    0.9956     0.908  0.008739  0.004283 0.0002536
   233/299     1.17G     0.012  0.006824 0.0006414   0.01946         8       896     0.886         1    0.9957      0.89  0.009168  0.004276 0.0002649
   234/299     1.17G   0.01176   0.00667 0.0004898   0.01892         2       896    0.8928         1    0.9957    0.8924  0.008953  0.004281  0.000257
   235/299     1.17G   0.01158   0.00683 0.0004471   0.01885         2       896     0.902         1    0.9957    0.8897  0.008958   0.00412  0.000247
   236/299     1.17G   0.01217  0.006847 0.0004293   0.01944        11       896     0.901         1    0.9957     0.893  0.009041  0.004084 0.0002414
   237/299     1.17G   0.01209  0.006856  0.000615   0.01956        11       896     0.905         1    0.9958    0.8907    0.0093  0.004042  0.000232
   238/299     1.17G   0.01244  0.007235 0.0006612   0.02033         2       896    0.9114         1    0.9958    0.8976  0.009512  0.004091 0.0002374
   239/299     1.17G   0.01185  0.006831 0.0004252    0.0191         2       896    0.9149         1    0.9957    0.8953  0.009449  0.004062 0.0002332
   240/299     1.17G   0.01237  0.007179 0.0005472   0.02009        10       896    0.8951         1    0.9957    0.8936  0.009177   0.00418 0.0002309
   241/299     1.17G   0.01227   0.00696 0.0007023   0.01993         4       896    0.8851         1    0.9957    0.9089  0.008908  0.004318 0.0002374
   242/299     1.17G   0.01144   0.00674 0.0004581   0.01864         2       896    0.8814         1    0.9957    0.9183   0.00839  0.004153 0.0002406
   243/299     1.17G   0.01184  0.007199  0.000473   0.01951         5       896    0.8837         1    0.9957    0.8974  0.008721  0.004127  0.000229
   244/299     1.17G    0.0119  0.007063 0.0006344    0.0196         4       896    0.8799         1    0.9957    0.9147  0.008463  0.004069 0.0002121
   245/299     1.17G   0.01209  0.006513 0.0005501   0.01915         5       896    0.8871         1    0.9957    0.9017  0.009017  0.004127  0.000205
   246/299     1.17G   0.01213  0.006807 0.0004252   0.01936         7       896    0.8762         1    0.9957    0.8984  0.008962  0.004183 0.0001948
   247/299     1.17G   0.01189  0.006837 0.0004855   0.01921         2       896     0.902         1    0.9957    0.9001  0.008992  0.004119 0.0001936
   248/299     1.17G   0.01173  0.006758 0.0005421   0.01903         5       896    0.8955         1    0.9957    0.9016  0.009046  0.004207 0.0001922
   249/299     1.17G   0.01173  0.006733 0.0004625   0.01892         6       896    0.8933         1    0.9957    0.9042  0.009248  0.004183 0.0001982
   250/299     1.17G   0.01238  0.006849 0.0006166   0.01984         3       896    0.9034         1    0.9957    0.9145  0.008844  0.004148 0.0002063
   251/299     1.17G   0.01074  0.006392 0.0004201   0.01755         8       896    0.9089         1    0.9957     0.927  0.008462  0.003983 0.0002096
   252/299     1.17G   0.01131  0.006712 0.0004308   0.01845         1       896    0.9106         1    0.9957      0.92  0.008625  0.003907 0.0002035
   253/299     1.17G   0.01209  0.007134 0.0003831    0.0196         8       896    0.9213         1    0.9957    0.9109  0.008797  0.003886 0.0002061
   254/299     1.17G    0.0116  0.006794 0.0006003   0.01899         6       896    0.9215         1    0.9957    0.9258  0.008522  0.003905 0.0002133
   255/299     1.17G   0.01156  0.006305 0.0005951   0.01846         6       896    0.9214         1    0.9958    0.9141  0.008346  0.003899 0.0002143
   256/299     1.17G   0.01193  0.007062 0.0006067    0.0196         9       896     0.917         1    0.9957    0.9128  0.008343  0.004086  0.000211
   257/299     1.17G   0.01155  0.006925 0.0003432   0.01882         5       896    0.9176         1    0.9956    0.9186  0.008383  0.004143  0.000209
   258/299     1.17G    0.0113  0.006789 0.0004303   0.01852         2       896    0.9029         1    0.9956    0.9096  0.008295  0.004155 0.0001997
   259/299     1.17G   0.01112  0.006728 0.0003631   0.01821        11       896    0.9205         1    0.9956    0.9133  0.008004  0.004058 0.0001954
   260/299     1.17G   0.01151  0.006684 0.0005057    0.0187         9       896    0.9112         1    0.9956    0.9159  0.008352  0.004072 0.0001914
   261/299     1.17G    0.0108   0.00632 0.0006131   0.01773         6       896    0.9229         1    0.9957    0.9064  0.008117  0.003865  0.000194
   262/299     1.17G   0.01138  0.006728 0.0005688   0.01867         7       896    0.9229         1    0.9957    0.9135  0.008314   0.00397 0.0001944
   263/299     1.17G   0.01165  0.006774 0.0006335   0.01906         8       896    0.9163         1    0.9957    0.9131  0.008151  0.003892 0.0001984
   264/299     1.17G   0.01112  0.006704 0.0004987   0.01832        11       896     0.907         1    0.9957    0.9181  0.008131   0.00388 0.0001962
   265/299     1.17G   0.01137   0.00681 0.0004997   0.01868        13       896    0.9045         1    0.9957     0.915  0.008106  0.003927  0.000191
   266/299     1.17G   0.01098  0.006115 0.0003835   0.01748         3       896    0.9074         1    0.9957    0.9101  0.008191  0.003812 0.0001793
   267/299     1.17G   0.01114  0.006757 0.0004963    0.0184        13       896    0.9139         1    0.9957    0.9141  0.008161  0.003818 0.0001781
   268/299     1.17G   0.01119   0.00654 0.0004655    0.0182         8       896    0.9165         1    0.9957    0.9202   0.00827   0.00379 0.0001741
   269/299     1.17G   0.01137   0.00685 0.0003569   0.01858         9       896    0.8878         1    0.9957    0.9094  0.008168  0.003829 0.0001735
   270/299     1.17G   0.01077   0.00631  0.000373   0.01745         2       896    0.9182         1    0.9957     0.902  0.008676  0.003818 0.0001696
   271/299     1.17G   0.01123  0.006356 0.0004395   0.01802         6       896    0.9358         1    0.9957    0.9054   0.00846  0.003868  0.000166
   272/299     1.17G    0.0119  0.006558 0.0004109   0.01887         6       896    0.9298         1    0.9957    0.9077  0.008654  0.003969 0.0001648
   273/299     1.17G   0.01116  0.006587 0.0004649   0.01822         5       896    0.9429         1    0.9957    0.9096  0.008198  0.003915 0.0001684
   274/299     1.17G   0.01163  0.006809 0.0006239   0.01907         4       896    0.9372         1    0.9957      0.91  0.008255  0.003869  0.000172
   275/299     1.17G   0.01148  0.007016 0.0004434   0.01894        12       896    0.9345         1    0.9957    0.9112  0.007926  0.003837 0.0001794
   276/299     1.17G   0.01121  0.006653 0.0002662   0.01813         4       896    0.9391         1    0.9957    0.9195  0.007692  0.003726 0.0001814
   277/299     1.17G   0.01149  0.006617 0.0007019   0.01881         5       896    0.9343         1    0.9957    0.9099  0.007858  0.003788 0.0001785
   278/299     1.17G    0.0118  0.006812 0.0004903    0.0191         6       896    0.9088         1    0.9957    0.9068   0.00804  0.003858 0.0001748
   279/299     1.17G   0.01111  0.006643 0.0005218   0.01828         9       896    0.9285         1    0.9958    0.9196  0.007801  0.003758 0.0001717
   280/299     1.17G   0.01081   0.00645  0.000274   0.01754         6       896    0.9377         1    0.9957    0.9301  0.007697   0.00382 0.0001647
   281/299     1.17G   0.01096  0.006666 0.0003919   0.01802         7       896    0.9388         1    0.9957    0.9187  0.007728  0.003669  0.000159
   282/299     1.17G   0.01084  0.006704 0.0005121   0.01806         4       896    0.9323         1    0.9957     0.912  0.007666  0.003676 0.0001635
   283/299     1.17G   0.01109  0.006751 0.0005342   0.01837        14       896    0.9349         1    0.9956    0.9239  0.007744  0.003635 0.0001672
   284/299     1.17G   0.01074   0.00628 0.0003257   0.01735        11       896    0.9231         1    0.9956    0.9266  0.007783  0.003618 0.0001708
   285/299     1.17G   0.01147   0.00663  0.000522   0.01862         2       896    0.9075         1    0.9956    0.9247  0.007424  0.003594 0.0001749
   286/299     1.17G   0.01126  0.006401 0.0006456   0.01831         2       896    0.9071         1    0.9956    0.9166  0.007793  0.003633 0.0001793
   287/299     1.17G   0.01052  0.006236 0.0005132   0.01727        12       896    0.9141         1    0.9956     0.924  0.007624  0.003664 0.0001692
   288/299     1.17G   0.01063  0.006277 0.0005363   0.01745         2       896    0.9257         1    0.9957    0.9173  0.007972  0.003653 0.0001657
   289/299     1.17G   0.01078  0.006188 0.0003865   0.01736         5       896    0.9345         1    0.9957    0.9182  0.008112  0.003634 0.0001655
   290/299     1.17G   0.01058  0.006001 0.0005384   0.01712         6       896    0.9205         1    0.9956    0.9111  0.008208  0.003704 0.0001698
   291/299     1.17G   0.01038   0.00601 0.0004041    0.0168         2       896    0.9322         1    0.9957    0.9179  0.008239  0.003698 0.0001683
   292/299     1.17G   0.01084   0.00637 0.0003666   0.01758         6       896    0.9189         1    0.9957    0.9144    0.0084   0.00371 0.0001631
   293/299     1.17G   0.01112  0.006617 0.0004233   0.01816         5       896     0.908         1    0.9957    0.9228  0.008104  0.003739 0.0001606
   294/299     1.17G   0.01074  0.006224  0.000416   0.01737         4       896    0.9192         1    0.9957    0.9229  0.007788  0.003756 0.0001608
   295/299     1.17G    0.0107  0.006445 0.0005177   0.01766         7       896    0.9132         1    0.9957    0.9214  0.007775  0.003839 0.0001642
   296/299     1.17G   0.01073  0.006203 0.0003962   0.01733         2       896    0.9228         1    0.9957    0.9345  0.007288  0.003729 0.0001662
   297/299     1.17G   0.01074  0.006465  0.000397    0.0176        10       896    0.9223         1    0.9957    0.9417  0.007447   0.00375  0.000169
   298/299     1.17G   0.01047  0.006031 0.0004462   0.01695         5       896    0.9231         1    0.9957    0.9245  0.007768  0.003761 0.0001659
   299/299     1.17G   0.01108  0.006747 0.0004225   0.01825         6       896    0.9238         1    0.9957     0.922  0.007681   0.00378  0.000163
