000018 -1
000019 -1
000020 -1
000021 -1
000022 -1
000030 -1
000031 -1
000032 -1
000033 -1
000034 -1
000035 -1
000036 -1
000037 -1
000038 -1
000039 -1
000041 -1
000042 -1
000043 -1
000044 -1
000045 -1
000046 -1
000047 -1
000048 -1
000049 -1
000050 -1
000051 -1
000052 -1
000053 -1
000054 -1
000055 -1
000056 -1
000057 -1
000058 -1
000059 -1
000060 -1
000061 -1
000062 -1
000063 -1
000064 -1
000065 -1
000066 -1
000067 -1
000068 -1
000069 -1
000070 -1
000071 -1
000072 -1
000073 -1
000074 -1
000075 -1
000076 -1
000077 -1
000078 -1
000079 -1
000080 -1
000081 -1
000105 -1
000106 -1
000107 -1
000108 -1
000109 -1
000110 -1
000111 -1
000112 -1
000113 -1
000114 -1
000115 -1
000116 -1
000117 -1
000118 -1
000119 -1
000120 -1
000121 -1
000122 -1
000123 -1
000124 -1
000125 -1
000126 -1
000127 -1
000128 -1
000129 -1
000130 -1
000131 -1
000132 -1
000133 -1
000134 -1
000135 -1
000136 -1
000137 -1
000138 -1
000139 -1
000140 -1
000141 -1
000142 -1
000143 -1
000144 -1
000145 -1
000146 -1
000147 -1
000148 -1
000149 -1
000150 -1
000151 -1
000152 -1
000153 -1
000154 -1
000155 -1
000156 -1
000157 -1
000158 -1
000159 -1
000160 -1
000161 -1
000162 -1
000163 -1
000164 -1
000165 -1
000166 -1
000167 -1
000168 -1
000169 -1
000170 -1
000171 -1
000172 -1
000173 -1
000174 -1
000175 -1
000176 -1
000177 -1
000178 -1
000179 -1
000180 -1
000181 -1
000182 -1
000183 -1
000184 -1
000185 -1
000186 -1
000187 -1
000188 -1
000189 -1
000190 -1
000191 -1
000192 -1
000193 -1
000194 -1
000195 -1
000196 -1
000197 -1
000198 -1
000199 -1
000200 -1
000201 -1
000202 -1
000203 -1
000204 -1
000205 -1
000206 -1
000207 -1
000208 -1
000209 -1
000210 -1
000211 -1
000212 -1
000213 -1